0,431
0,430
0,429
0,428
54,3
54,2
0,427
54,1
54,0
0,426
0,425
0,424
0,423
0,422
0,421
0,420
0,419
0,418
0,417
0,416
53,5
53,4
53,3
53,2
0,415
53,1
53,0
0,414
0,413
0,412
0,411
0,410
0,409
0,408
0,407
0,406
0,405
0,404
0,403
0,402
0,401
0,400
52,4
52,3
52,2
52,1
52,0
17,2
17,1
17,3
15,2
15,1
15,3
16,2
16,1
16,3
13,2
14,2
4,40
4,39
4,4
4,34
4,36
4,38
4,12
4,30
4,26
4,73
4,2
4,3
6,2
6,3
7,2
7,3
5,4
5,2
5,1
5,3
0,399
0,398
0,397
0,396
0,395
0,394
0,393
0,392
0,391
0,390
0,389
0,388
0,387
0,273
0,270
51,3
51,2
0,386
51,1
51,0
0,385
0,384
0,383
0,382
0,381
0,380
0,379
0,378
0,377
0,376
50,3
50,2
50,1
50,0
49,3
49,2
49,1
49,0
48,3
48,2
48,1
48,0
47,3
47,2
47,1
47,0
46,3
